2022-Apr|3319.85|805925.89|2263.2|177376.39
2022-May|3408.55|827153.68|2546.65|214366.39
2022-Jun|3302.67|800412.5|2560.08|213971.81
2022-Jul|3289.15|832265.84|2999.25|230725.92
2022-Aug|3289.26|833370.86|3290.37|239421.82
2022-Sep|3233.61|862049.27|3547.19|254388.83
2022-Oct|3436.66|928872.06|3868.76|282710.45
2022-Nov|3401.49|921601.77|3907.96|268991.61
2022-Dec|3602.19|991748.31|4227.3|290306.69
2023-Jan|3625.95|997781.02|4410.94|300945.6
2023-Feb|3381.56|956834.37|4153.2|279012.26
2023-Mar|3859.05|1088096.36|4826.25|322346.66
2023-Apr|3868.39|1086509.94|5029.74|321327.66
2023-May|4045.48|1145072.32|5369.7|344073.18
2023-Jun|3971.43|1125422.26|5363.63|350042.01
2023-Jul|4184.42|1148397.97|5780.19|385247.22
2023-Aug|4388.83|1179095.66|6197.18|397440.9
2023-Sep|4373.12|1182916.93|6182.57|396216.25
2023-Oct|4689.42|1273587.62|6719.37|442180.74
2023-Nov|4649.47|1292866.82|6585.81|446873.79
2023-Dec|4754.79|1347696.13|7265.44|475253.29
2024-Jan|4753.09|1340323.61|7449.93|500760.37
2024-Feb|4742.69|1348523.03|7359.98|479346.31
2024-Mar|5144.03|1460125.24|8295.97|518227.99
2024-Apr|4996.52|1433520.79|8307.47|530943.73
2024-May|5231.01|1488235.39|8804.83|556701.66
2024-Jun|5164.39|1447142.17|8720.75|559938.98
2024-Jul|5435.96|1471369.99|8999.59|592922.41
2024-Aug|5625.77|1484591|9337.28|576144.57
2024-Sep|5688.87|1497941.07|9352.88|566053.64
2024-Oct|6281.79|1681872.99|10303.18|667948.46
2024-Nov|5833.16|1556010.77|9648.87|599176.63
2024-Dec|6335.63|1692632.54|10394.38|632067.37
2025-Jan|6426.25|1703333.03|10569.75|644704.09
2025-Feb|6039.45|1606397.95|10066.74|590083.74
2025-Mar|6840.45|1806811.06|11461.06|670410.55
2025-Apr|6539.82|1731364.08|11353.6|663561.79
2025-May|6823.8|1817672.02|11853.66|696624.99
2025-Jun|6685.63|1721058.47|11709.38|682872.22
2025-Jul|7079.843|1774485.73|12388.11|734012.36
2025-Aug|7303.15|1761675.49|12705.16|723797.42
2025-Sep|7266.46|1770169.25|12366.97|719567.29
2025-Oct|7673.36|1902048.48|13027.56|825742.2
2025-Nov|7626.49|1867080.57|12840.49|764552.06
2025-Dec|8152.29|1989139.74|13482.38|807572.99
2026-Jan|8095.35|1992655.39|13608.1|840825.83
2026-Feb|7598.4|1911812.35|12795.78|772416.94
2026-Mar|8460.65|2091059|14180.46|861483.05
2026-Apr|8236.58|2051386.16|14110.22|851601.89
2026-May|8480.63|2117966.16|14721.3|872458.05
2026-Jun|8288.19|2031141.53|14427.88|860997.14
2026-Jul|8686.5|2081267.3|14971.85|906613.19
2026-Aug|8998.95|2087035.27|15510.01|895320.68
